image is 10 columns by 10 rows
Displaying horizontal seam calculated.
[195075]  195075   195075   195075   195075   195075   195075   195075   195075   195075  
 195075  [     0]       0        0   388623        3        0       30       75   195075  
 195075        3  [     0]       0        0   390150       30        0       30   195075  
 195075       27        0  [     0]       0        0   390150        3       12   195075  
 195075   390150        0        0  [     0]       0       27   388623       30   195075  
 195075       30   390150        0        0  [     0]       3       39   388623   195075  
 195075        0        3   388623        0        0  [     0] [     3]      12  [195075] 
 195075        3        3        0   385575        0        0        3  [     3]  195075  
 195075       48        0       24        0   387102       30       30       12   195075  
 195075   195075   195075   195075   195075   195075   195075   195075   195075   195075  

Total energy: 390156

Displaying vertical seam calculated.
[195075]  195075   195075   195075   195075   195075   195075   195075   195075   195075  
 195075  [     0]       0        0   388623        3        0       30       75   195075  
 195075        3  [     0]       0        0   390150       30        0       30   195075  
 195075       27  [     0]       0        0        0   390150        3       12   195075  
 195075   390150  [     0]       0        0        0       27   388623       30   195075  
 195075       30   390150  [     0]       0        0        3       39   388623   195075  
 195075        0        3   388623  [     0]       0        0        3       12   195075  
 195075        3        3  [     0]  385575        0        0        3        3   195075  
 195075       48  [     0]      24        0   387102       30       30       12   195075  
 195075  [195075]  195075   195075   195075   195075   195075   195075   195075   195075  

Total energy: 390150


