image is 10 columns by 10 rows
Displaying horizontal seam calculated.
[195075]  195075   195075   195075   195075   195075   195075   195075   195075  [195075] 
 195075  [     0] [     0] [     0] [     0] [     0] [     0] [     0] [     0]  195075  
 195075        0        0        0        0        0        0        0        0   195075  
 195075        0        0        0        0        0        0        0        0   195075  
 195075        0        0        0        0        0        0        0        0   195075  
 195075        0        0        0        0        0        0        0        0   195075  
 195075        0        0        0        0        0        0        0        0   195075  
 195075        0        0        0        0        0        0        0        0   195075  
 195075        0        0        0        0        0        0        0        0   195075  
 195075   195075   195075   195075   195075   195075   195075   195075   195075   195075  

Total energy: 390150

Displaying vertical seam calculated.
[195075]  195075   195075   195075   195075   195075   195075   195075   195075   195075  
 195075  [     0]       0        0        0        0        0        0        0   195075  
 195075  [     0]       0        0        0        0        0        0        0   195075  
 195075  [     0]       0        0        0        0        0        0        0   195075  
 195075  [     0]       0        0        0        0        0        0        0   195075  
 195075  [     0]       0        0        0        0        0        0        0   195075  
 195075  [     0]       0        0        0        0        0        0        0   195075  
 195075  [     0]       0        0        0        0        0        0        0   195075  
 195075  [     0]       0        0        0        0        0        0        0   195075  
[195075]  195075   195075   195075   195075   195075   195075   195075   195075   195075  

Total energy: 390150


