image is 10 columns by 10 rows
Displaying horizontal seam calculated.
[195075]  195075   195075   195075   195075   195075   195075   195075   195075   195075  
 195075  [     6] [    49] [   563]   27689  [    50]   27371  [   429]     435  [195075] 
 195075       13       68      631  [   517]   26866  [   131]   28918  [   427]  195075  
 195075       13      134      624    32309       92    28141      453      419   195075  
 195075       25       70      608      594    28356       94    29396      419   195075  
 195075       21       53      631    30116      113    29237      442      435   195075  
 195075       10       68      556      605    26475      100    27965      427   195075  
 195075       33       77      635    28700       68    27308      453      424   195075  
 195075       53      193      640      565    29466      115    29396      424   195075  
 195075   195075   195075   195075   195075   195075   195075   195075   195075   195075  

Total energy: 392322

Displaying vertical seam calculated.
[195075]  195075   195075   195075   195075   195075   195075   195075   195075   195075  
 195075  [     6]      49      563    27689       50    27371      429      435   195075  
 195075  [    13]      68      631      517    26866      131    28918      427   195075  
 195075  [    13]     134      624    32309       92    28141      453      419   195075  
 195075  [    25]      70      608      594    28356       94    29396      419   195075  
 195075  [    21]      53      631    30116      113    29237      442      435   195075  
 195075  [    10]      68      556      605    26475      100    27965      427   195075  
 195075  [    33]      77      635    28700       68    27308      453      424   195075  
 195075  [    53]     193      640      565    29466      115    29396      424   195075  
[195075]  195075   195075   195075   195075   195075   195075   195075   195075   195075  

Total energy: 390324


